b1
350.0,50.0,500.0,800.0,4,255.0,255.0,255.0,255.0,0.0,0.0,0.0,180.0
O2
830.0,830.0,15.0
580.0,230.0,15.0
c3
570.0,350.0,30.0
650.0,400.0,30.0
570.0,450.0,30.0
f2
490.0,760.0,573.0,790.0,490.0,790.0,true
710.0,760.0,627.0,790.0,710.0,790.0,false
l8
490.0,760.0,385.0,690.0,4,250.0,0.0,255.0,255.0
385.0,690.0,385.0,570.0,4,250.0,0.0,255.0,255.0
775.0,690.0,775.0,570.0,4,250.0,0.0,255.0,255.0
710.0,760.0,775.0,690.0,4,250.0,0.0,255.0,255.0
810.0,850.0,810.0,300.0,4,250.0,0.0,255.0,255.0
350.0,480.0,385.0,520.0,4,250.0,0.0,255.0,255.0
560.0,250.0,600.0,250.0,4,250.0,0.0,255.0,255.0
775.0,520.0,810.0,480.0,4,250.0,0.0,255.0,255.0
a2
600.0,300.0,250.0,3.1415927,6.2831855,4,255.0,200.0,255.0,255.0
600.0,300.0,210.0,5.235988,6.2831855,4,250.0,0.0,255.0,255.0
l1
810.0,850.0,0.0,255.0,0.0,255.0
h1
352.0,818.0,456.0,30.0,255.0,0.0,0.0,60.0

